59970 21667 -29602 48558 27166 29115 -25101 8259 -8076 28515 -20414 15103 -6793 29300 19010 16186 -3987 -16679 23031 -69 16118 -71811 -10441 -64211 10340 56896 22486 -31444 -33620 -35569 71305 -34888 -7452 -41514 40291 61590 -44112 -12921 82704 26141 16714 -59003 32098 -27925 -26899 -56284 80510 -1334 -17348 19778 -52066 20522 6022 48298 -4535 -12194 44840 7121 9508 -20336 -56708 -28241 35121 18084 
-14515 18344 -11961 -36621 -11014 -29211 48798 42250 66341 -43394 4017 27320 -7935 73965 -14237 20433 92550 2062 -47864 7880 10092 -49480 29089 22770 -3809 21311 -4926 51403 -60849 11203 28857 23275 -19257 -78608 47172 38116 -96564 21538 -4611 34691 9605 39565 -49647 -3271 15524 45738 -12130 -31623 -50762 36582 -66942 17429 6688 -42671 31636 -54860 18235 -20528 -10998 56547 -1247 1196 57037 53558 
21896 38208 -2793 -22025 61947 -12158 11168 -27276 -23548 -35195 -38206 -28033 65596 40942 -6805 -41336 -66448 -113889 -9771 -2008 -34752 1750 -3272 1143 79026 2667 15510 65218 -49347 -15646 -59934 84013 25508 -14068 25623 5034 49961 15851 -20658 -35272 -71708 -1764 77491 -80185 -5382 -66559 -9991 10206 -34109 5900 -37626 -85952 38594 26446 -51412 33926 -5474 22704 -6408 -4409 -17847 104090 10590 22432 
-18892 -3527 1482 -11266 29462 -45293 59963 -57085 43548 3151 3981 12016 39832 61352 -22849 29802 -8656 -31875 22476 43173 3428 -26025 3411 81744 73734 -3181 5297 60245 -34223 -15960 39171 2566 14306 67306 27805 -20248 -28408 71474 -17481 -34915 78862 -46630 -94610 -3626 -36340 15956 -4139 -32284 55206 -21875 75711 -43717 60330 -18549 18094 -13066 47429 -54069 -29321 48435 42522 26280 24134 -11198 
-37232 -12841 -35284 -20919 90132 45667 27002 -37455 -19551 3185 -9023 12278 23022 -46984 -49465 70421 -29766 -40974 8871 428 -63452 40616 15346 -8688 -10026 90154 -6229 50045 -20875 74747 -35323 7731 95921 -30997 22950 4800 4673 23875 -56772 -40705 -34136 -5216 51431 7217 8797 -9885 -46651 -57199 8930 -10106 -34318 52428 -11668 102903 -54784 14047 2364 -31424 -26245 94754 -21425 20908 13527 27870 
52593 694 10584 67732 9468 -6736 -793 -30008 -63539 -16806 2252 14367 27644 -30674 -37869 8320 -22346 1667 -45843 13199 51044 23915 -62755 3095 12639 53785 22202 -11420 -4167 -7479 -25045 -20524 -49906 -8623 -51729 -935 -82872 -14190 -42297 -43771 -31425 -64046 54377 7971 60514 -6979 45331 41330 -6916 9940 47074 24859 -1600 -27052 -11963 17021 -772 -17536 -17333 7857 -5210 -34374 -33381 12178 
41051 -13261 -11024 -30145 48234 -15579 -9512 37497 24037 50752 29864 -7450 -60221 27323 -1322 34037 20292 34284 4806 -8410 35733 -28962 14728 -4834 -18405 22149 -6023 -6806 -47251 13201 38329 -18476 -46097 15389 90779 -16857 -38899 -899 -20397 56436 544 4124 -9905 7976 -51921 -17289 8264 -37609 -103812 -3264 3802 30251 -44314 25124 -68933 -44556 30921 8343 -22336 83445 -21582 31767 425 43666 
25257 68703 -5453 -28403 19174 15092 29717 -38223 -41289 14898 -11818 -26195 -36318 40959 14555 8737 76402 5694 -21211 147909 68213 -5531 14768 -14630 49332 6776 -31937 16040 -6418 91820 60677 48201 -8828 53667 -25236 -2601 -23218 14340 10715 45737 -39027 -16667 1040 -5146 -54204 1882 -91148 31014 4113 18976 15450 61573 6974 48227 25543 -44321 -4241 68154 91632 70160 12341 -17526 -7930 38573 
-38435 -58142 -40687 -6437 -56683 -6424 40090 -6593 -31429 21240 83080 -18569 11187 12110 23935 9349 -16871 6689 22706 -43470 35671 -20425 -5976 -5253 -56296 73202 18520 -32806 36184 -37103 -20412 5546 -20270 25606 -1336 -14979 73929 12974 38100 -50801 -48991 32031 14549 50942 94326 36757 54211 46652 30111 -51000 -22548 -37628 38318 -37983 -33558 8651 -2400 -56624 47067 47647 -19294 19664 -23622 -46661 
19957 55122 -16392 -26129 -57975 -25480 25132 -58795 51938 -19579 -12338 -112932 52745 17474 -2594 16011 9689 -40681 48322 -738 -21814 12707 14977 5306 85260 25068 -15401 -19308 -24036 -52668 -180 10766 24899 8845 -3167 -41864 10548 -32174 38116 -98 35828 -29489 -61418 54141 10813 9225 87580 -1738 18724 80591 65814 -22508 -42523 -24428 73881 115199 -14646 55554 16955 21002 -3818 -30572 45034 -62212 
-24620 -45780 4446 3392 -1752 5104 19918 -11131 12592 18754 -15914 16612 -24806 -49811 -25213 5355 -18640 -40145 20097 -21342 -3796 -32226 -13209 21779 -53312 -2504 15732 -89109 17821 -13914 -23235 4503 51607 -8072 24702 945 33847 14541 16424 -2666 6090 51103 46815 2786 -11044 39784 -40197 -6096 -7245 -17758 -23494 -21986 -5032 13447 5467 18414 9474 -25111 -41241 -94553 18203 24641 -43742 -64489 
-30327 63503 11203 -56413 -9555 -9884 -16215 13905 48866 -21616 -33171 -45543 376 4688 -95049 4025 -8072 -2397 -33465 -51427 29531 -3993 -32883 6926 -47631 -33387 -11707 -17654 2745 41933 18522 -72022 33257 17039 -50987 -11772 -36317 -96208 -25695 12688 -30485 40670 13182 20447 -4056 3136 -32017 18862 -64996 -39833 -57301 -59699 -15767 -103054 69685 -25260 -17350 17862 -9804 -22249 -10444 6566 28613 13867 
-46064 16781 3539 -3944 -35958 38450 -82752 34396 -31245 -4748 -61308 4980 -18155 -54253 7258 -1266 -1727 37588 -45620 -15712 -29609 18712 16194 1654 -9233 12429 1542 -9740 19613 130860 8224 -29480 9954 46759 -46290 -42302 53658 -13570 18508 25114 -60845 32522 14805 -9203 19168 -40245 12162 19650 40962 -4492 50636 -49372 7101 18970 -16665 20035 40601 -17088 -76673 7459 2430 1211 -31325 57789 
-14134 -44095 -28746 65049 6011 36011 -43048 46945 49899 -13730 51348 -6697 81600 -49411 -32176 85507 -53277 -605 -24470 -62728 8982 12610 -458 -2353 -50277 -21890 -4917 37384 72364 -21543 -53972 29907 -50936 60650 -23256 24426 -23679 -15041 14765 -26457 1186 -4289 14094 4956 -2744 41686 45777 31119 -116966 -12429 -34302 5665 -17915 55763 -48789 -35208 -6816 -75923 -41929 -19071 -16943 33778 -13012 -45598 
-7255 -40764 -57999 -6788 -86792 -3344 10554 -15306 -42546 -8653 23775 -11597 -26897 21688 22578 13010 -79935 28013 -31209 39870 43074 -58492 3534 28961 -5786 44195 -3484 34961 -32797 -26749 12486 53170 39533 -26291 36336 39661 27181 -3360 17861 -3045 17210 4699 -4044 16839 44312 36778 24879 -42364 11724 48936 -28925 -28645 -74135 -23674 -3607 78043 11354 -2679 -32169 -14900 59378 23429 12759 3690 
33444 -67811 -11424 -38553 -13085 -25856 42019 14146 14213 -12955 19659 -10369 10412 23050 14942 -6503 77977 -27840 -31162 13451 67333 62029 -48098 65414 29112 -49190 -51932 -42998 -15369 -52802 -7671 43217 -75685 -29481 -3687 4781 -61943 1642 -10133 -17871 -31224 38965 14662 6602 8162 42922 731 -253 2479 3480 13984 -103589 -94476 -51572 701 -60571 37458 3669 25070 11771 -18328 -70493 -344 4187 