-13241 6068 -12507 -27374 -14317 7030 1200 -14851 20600 -2442 -11141 6655 -7845 -16650 -4752 14223 -21108 -2146 -3323 -28219 -4732 6808 8667 -7627 15819 22274 403 -7228 20474 7548 10549 21247 -15362 -8880 -11890 8294 -21209 -9102 -3787 4778 -4760 -4736 -11057 2745 -8914 740 -32257 -6405 -13838 -7030 -2856 -6098 -10118 23310 12509 -7975 -1869 -740 10787 -15986 -21042 7696 7442 1264 
-4866 -27454 -23504 8204 -2974 -21682 -17824 19068 622 3700 12247 -11847 -18811 -2220 12115 9478 -8239 -6068 6411 29972 22 14800 16876 -4200 8315 15318 25267 9910 -3642 -3034 -7478 27368 -11881 -11692 12263 -3720 515 -11840 14691 -9958 392 -15318 1789 -15827 1907 -6290 -4545 6674 -1877 740 -19866 13549 -3175 -18722 -13716 10541 8388 -5328 3576 15246 16770 -5328 -4740 13518 
167 370 7116 -16051 6972 1332 -26217 -2109 -16868 -23606 -2276 -4824 11272 7178 17361 13891 -8706 -5550 3105 15939 -30358 -1332 11623 -8681 8376 -6142 652 12164 -7613 370 -884 -14499 12841 8880 -20239 -9544 1336 -888 12332 -11440 23112 16502 19639 -37153 -10858 -18426 -30962 6562 20812 -5994 -2812 -5236 -8833 -27824 11100 -21265 5393 -5624 -16620 -25717 -27405 -4440 3270 -6477 
14550 -5180 -29083 20545 -15599 19388 -15183 -5300 -16861 -8584 -11524 -675 -7979 11692 16498 -11379 -13293 18352 -9145 -8366 -5516 15466 -12794 17268 11483 -23014 -11197 -9954 -16118 17834 10353 4831 -4232 -3996 -23845 12287 -11500 5254 10401 -13909 312 14800 -16891 -7661 13272 40330 -7216 6502 -8491 10656 -11342 -8693 14047 14800 14230 10473 -23083 17464 17589 8834 4837 -8510 6166 11769 
-7398 12506 2416 -5374 -11230 -5402 -8430 -20782 520 -8140 -15765 523 -7630 -8066 -10095 -34831 2045 -10212 16810 -8993 -15208 -10730 -351 -14413 -5766 2220 19830 2820 21222 -7770 -1848 -7122 -31997 6586 -7412 -11709 16646 6290 -3145 -6849 -9016 17612 13535 9861 2261 18204 3136 -1763 -6330 -6142 -22160 6506 6666 -4366 -7796 -6406 17925 7178 11716 23969 9426 1184 16969 7553 
13296 15762 -8670 -17550 -6328 2516 -8731 -15579 -5237 15910 -9932 10467 9669 5254 -18223 10132 -15572 -15318 -1882 -13468 -2815 14948 19157 -18198 5815 32116 15619 7956 -14280 -592 10510 10508 -14247 21460 -775 4510 19615 -16650 24185 4088 -11018 5920 -5357 12321 32102 -9028 1673 -873 6559 19388 1086 -16727 9757 9324 17810 9707 -2378 1184 -23847 -7391 19377 5920 9485 -16304 
-7805 -14430 9140 -2071 20437 5476 -1745 17742 -7635 -12506 8432 -3857 -7295 -24568 10629 -2606 -13422 -15910 17650 5780 14014 -2294 -30035 8085 -8257 9472 -11700 -4549 9966 1702 -7930 18562 -756 2886 -3108 10344 -8258 -25826 -24008 15972 -2486 -20424 9818 -23848 7977 -3182 5528 10663 2937 11544 5394 4425 -3165 -962 10946 -1235 -151 18796 11661 11276 3393 5698 -7426 13483 
7487 -2294 13242 -8197 -16099 22274 6695 -150 18787 20276 -8571 -25922 -4734 -21238 13522 -13816 1050 -12210 -23562 -30666 -722 13246 -9500 2784 2453 10212 -12266 -34121 13928 -1110 3070 -10010 2043 7770 14598 -29649 8001 16946 -599 13928 3912 14652 -1362 5940 -10786 -2516 -8904 2558 21666 8066 3328 -17848 -8398 2590 18609 -5695 -12109 2812 -16161 7160 7754 19240 -90 -4588 
11141 -4588 -13288 -10647 -11515 -22718 3243 -8764 17339 740 -3886 1023 31220 -4070 -16617 -1669 11777 -22940 3618 15707 3845 4884 -14702 -767 -501 -3478 1132 7025 -21950 10138 12109 -6087 2524 17168 6081 -3779 -32327 16798 -4496 -3855 -7926 -21682 -14078 3710 -7483 -6882 -16226 22507 -16377 8880 -12747 15684 -15506 20128 -13454 -15816 -18177 10212 1488 5199 -8991 -10064 -13414 -9341 
15814 -2590 17241 29209 -6479 -34928 -7121 3084 -9791 -14430 -22393 10382 -12385 -10952 6366 4781 1567 -10212 -3682 4139 -2536 10508 13703 21279 4629 6142 15515 -16658 2042 16058 -9685 -12027 6299 -25900 9995 -2364 -17707 -7252 -27874 9057 -13864 22274 18806 3738 -3037 2664 19849 13522 -3383 14356 352 -849 -4647 -5180 23348 -6905 -28178 -15836 10258 -7134 -3725 12506 -19599 13876 
32687 3922 -12939 13658 -7714 -14208 4537 181 9410 12802 -225 10079 -36536 15022 3661 12639 -10100 -12062 13108 8538 15324 10952 4777 4553 -6739 -17612 11286 3953 896 -1776 9610 -14042 -1554 -26714 -16594 2830 -23203 20350 -21702 -14599 1678 32782 -5126 10134 -624 26122 16217 -1079 5572 -13690 4365 -27431 -3497 2146 -1226 10383 -14297 592 -4745 13314 7529 11026 6138 -32131 
22558 -3996 28814 -2482 31968 1406 4480 6620 3026 -12358 -868 -7872 6511 16946 -8451 -3020 -6943 9472 2010 -16279 19618 6364 -3734 -12834 -633 888 11877 21678 -21472 -5772 7909 -2519 -3488 -3996 2372 10124 14862 5032 5834 -2516 1544 -9176 2430 10880 -19153 6660 -8465 -2474 598 666 22616 16388 -8373 -14356 -3545 12710 -11192 -16650 236 -12094 7067 -14356 15050 -2877 
-6697 -7548 18634 -689 3549 12062 17194 2117 6573 23606 -17963 -14536 -4405 -4958 -15048 -8227 8734 -2442 7568 -3496 -8624 -3256 7227 -12077 -12772 5032 11106 7646 -16723 4144 1863 -3490 12085 4070 26742 14647 10136 -15170 -1806 15494 -2748 -27676 1132 1670 -8379 20054 -4598 10205 15348 370 1475 -9215 -19530 1998 16029 183 -2965 8658 256 14317 12060 11988 5556 6504 
14501 12136 -12936 797 -5280 -1184 4049 -671 -5475 7252 -3712 -26627 -14881 5994 -28580 7483 -20231 -9916 9120 10609 -10120 1184 13910 -23808 47085 -5476 3238 779 14882 27972 -8519 -16781 15936 -2146 20425 22817 -3141 -21756 -20502 -7947 -8562 -3922 23824 8240 15136 9472 2644 -10818 -11946 -33226 9262 -7444 16934 13246 -5001 32369 5999 19314 -20120 -10289 3387 -23532 -3336 15159 
-12991 -1406 13479 -5824 -6300 -666 5502 3294 6556 33226 -13040 -5934 -2494 -7104 15514 1528 -12720 24938 -3284 2774 -18442 444 -7865 -587 -11350 -11544 22357 4033 -19202 8954 27042 -14498 -12464 -4218 20096 -22348 -5936 4810 8563 1707 7056 -13616 -10339 21391 -1161 12802 7706 235 -29170 -5698 623 5727 11643 592 -10852 20941 13458 15392 -16445 -18715 -18814 -7326 -11903 22837 
10064 8436 18688 -12620 -2023 -5106 -11432 -12569 2779 6882 9026 9293 7792 -6216 19604 -10036 -6946 -11470 8456 11238 -11315 -5106 6611 15152 -23 5624 1446 -11903 13266 -15170 2729 13645 -2792 17316 -11488 -13060 -10887 -11618 -2347 5668 -6888 148 -5593 7585 -12264 11248 -5629 -8411 -10121 7400 -21795 -2978 242 -35964 5497 -5477 11859 16132 -10120 3109 14621 23014 10926 11687 