39456 1389 39836 -17562 16140 -7623 15905 18454 -2845 5682 -4398 -59010 22140 15495 -36592 16102 -991 27729 -10999 16267 -16111 20097 -11972 4322 1193 -17205 18682 -47432 -8505 -3648 4238 -55964 -17833 32498 -10888 51486 -10234 -9933 -30814 25763 -4040 -17782 27280 4915 18561 4717 -48326 20409 55163 30428 -4764 -27001 24804 -33649 10362 -60647 -33365 23278 -23298 6473 27487 -415 -7679 -15144 
-2642 -11266 -30081 53454 14608 -2849 27996 24339 39977 -17664 -9762 7543 10964 16477 -14823 23638 -11291 2301 27351 -8144 40327 -3927 -41712 24630 48994 41465 33655 -12672 -10544 26213 -43661 -5204 -35464 14854 -32323 19302 21397 -22099 27155 -9634 -31596 -3635 -12760 -2934 -23331 18725 5914 48554 56071 -1696 -67156 -571 -31556 18634 -9488 8749 -23120 59240 25912 -33150 40032 31531 -5945 -7773 
26290 1785 20095 -7817 -34649 -28182 41544 -2587 -93169 -19710 -20980 11090 26262 40265 -27550 -1643 -18657 -9141 41352 -5553 6415 0 31860 26169 36378 -9144 -14472 8499 54603 30795 -21237 58309 12361 8020 39601 -40975 -24059 13321 -50716 -13269 -4033 -50044 7183 -7959 18185 -10897 24029 41783 9163 -25423 4392 1727 -27257 -71995 26287 -13908 -44363 -28113 24566 44213 -20806 -3316 -40903 30117 
-13051 2809 -1119 3806 4169 15477 30927 24269 -25272 33357 -11375 29617 52819 14514 -1923 10643 335 -1716 40422 -56435 30281 9471 7932 56234 26631 13454 14195 23751 23740 15588 -29341 -27733 37268 11836 -1703 15464 -5899 -56364 -5585 -5571 13443 25071 5211 12890 -5231 -14711 49790 8767 -41976 -27976 -55206 -6722 56946 43659 -19115 -5963 47448 -50387 49893 -6684 50041 16572 -4686 -13321 
-30245 -18413 64959 518 -24267 16478 -15238 -12109 1941 -27770 1572 -233 24579 30879 22539 3496 -26630 -16372 25581 -9677 4003 18865 34204 46889 -19259 -28312 -62667 -18788 -37659 35117 -44350 38244 48420 -8690 20957 -49950 -16459 30569 -2791 -42207 -15348 -619 35260 11480 -23557 14126 20169 17853 46038 -15988 -19472 17804 2466 -22869 -2819 -646 25803 35731 -46058 68003 31018 44290 -38340 4304 
29548 25559 21081 -25950 -40449 12089 2674 -27699 -2548 -23908 45142 -38715 34218 17041 -7251 -21439 26357 27563 -3619 -9977 -21060 -6006 12610 8343 -23918 13561 4715 29934 -12671 -1001 4168 4325 -36123 -26339 -47697 -30095 -50549 31262 22142 36582 4196 40292 -12830 -2095 -4549 -7706 -12743 -21148 -3970 41456 -22911 14951 34716 -27181 38801 1209 -8159 -8243 5109 6944 2233 8846 6653 11377 
19432 -21178 17039 -4088 53557 4928 -21061 19412 28864 6482 7518 -7715 3375 -4439 -18238 15842 7468 -18186 31056 14281 -13734 -6545 -37917 11224 -11963 222 29775 -17726 -20718 2969 -27969 -23520 -13924 46665 -44695 26935 5557 -4697 -26620 -14885 -65743 21159 -14068 -33384 -7623 26325 12858 23405 3202 -32840 -11596 34471 -6522 13706 -19237 -17854 -42175 2973 -46173 23392 35857 49497 -34117 22048 
41347 -6346 14520 557 -27288 -3542 -22926 45343 12324 53128 68524 -13002 31828 -19665 30220 71568 -38479 -9285 7719 -23152 -21449 -847 -23084 7231 48949 68873 52 -26195 18022 16073 -32987 12132 12546 -3109 -11137 29937 -21916 -2464 -36665 -28196 17928 24648 41754 2307 -1660 101279 2168 7324 -28180 25421 -1599 25942 -16585 -6622 -32813 52354 -4915 13378 -31473 -19609 670 8005 6027 14605 
-44639 -38871 -14579 6346 571 38346 222 19240 -4000 1276 -35 -14730 -4342 26897 -13743 -11699 17807 18226 -16945 -24825 -23897 -51436 -2558 -10876 -21539 -32995 28363 -7436 -53944 1810 46147 7536 -3800 5849 42420 -5420 -32804 53900 54559 59587 -3261 -29675 -4671 -19169 -14591 15063 23469 -31884 -28051 -14503 33548 -24670 -19563 17248 34835 7972 24994 -10905 43473 20612 19430 -29273 -43178 -8543 
33587 -17074 -39427 -4115 6293 -45738 2743 20998 -11452 15563 -9522 17801 46815 -837 -41031 -6362 -32296 2495 -20380 -56100 24028 -43736 48175 29649 28254 -29139 -17574 -7069 34940 18338 17643 -5718 19173 -16885 -13963 21934 -3077 -22330 41168 25147 44998 43859 -49664 73358 39021 21601 1143 -13051 2192 -9291 34365 -18055 28639 48895 -1062 -47299 -18148 -10975 9997 -3632 -59252 1084 -6804 -58487 
-30777 -2964 5281 7153 4716 7777 -32446 -19596 -15212 -9014 -12940 -14975 -7771 -25644 -19241 -8606 20871 -3146 -1491 -12604 4670 28721 10106 8399 2718 -27897 8584 836 -44711 -44835 35058 14358 30092 2444 31809 -3834 32429 26950 5025 -12341 -9777 -27046 2566 6472 15198 -71832 6884 -39049 12055 -25654 -1740 -17805 -23360 -22638 -31920 18552 -1328 -7019 -8356 -2227 -10037 -32470 12084 5209 
7551 2297 -35148 14168 12481 -37961 -9230 -44960 3865 -38436 5396 -18194 -23194 -33724 27055 -11511 -59447 -34952 -4130 -2246 13975 -15169 -5697 44798 -8581 -6317 27647 22088 -20799 -22186 -23602 -29639 22000 -28170 -54530 -31349 14023 18942 -18 -10640 -39097 -56043 -45635 -3606 -159 -9424 -10377 23593 3663 38520 34755 5830 -30854 8932 -4085 30054 -23638 2589 41365 -70507 -20865 -1229 460 -5610 
-20964 7486 -19436 -12125 -15286 -29106 -17473 -20483 25236 -33815 0 2628 12633 -19013 60264 24210 -31264 -10977 -45268 53222 -22234 26950 4082 -30193 -33341 13168 -24707 -14627 -24817 -23105 -41568 16011 19841 -26688 15956 7708 -12283 20097 -16005 8677 28595 4964 -10546 15978 8788 -34638 -3156 8165 -36130 4573 49262 14968 -41316 -4312 29920 -7608 13350 -45051 9782 26616 28102 43697 9400 40349 
-31179 9004 23776 4240 32517 22792 15359 -7808 8832 -46142 -1370 7214 -42687 13303 34602 -23171 24495 37768 -18956 46604 34058 -23100 67006 46431 -50484 -18435 17620 16301 -6062 15415 37328 32383 -11056 14797 -15521 -4312 -5334 5390 17130 37880 -61463 -16787 12267 -16867 -38346 -51630 9906 -17412 -47331 30647 -5701 -22657 4803 -6545 -14217 1885 -67579 -1974 -41996 23978 27611 -11781 -26963 -4935 
-20706 -49313 -31087 -3412 -25871 8470 -13386 27576 -46397 27219 -2343 -1227 14992 27217 -27499 21199 25007 40002 -23416 -2909 -6646 -11396 -11266 8170 -43026 42846 42352 -3128 -20622 30998 -5796 7902 14795 24653 24009 -901 14663 -2464 51072 -6432 13221 -7517 -65421 28214 25507 -29601 37373 12593 33189 -5977 1833 -19018 -2035 -2541 -2405 -25192 -1239 29983 -5624 26069 -17381 1014 23862 1411 
-3505 -40225 -12185 22362 5016 2926 7194 22375 15710 -12865 48911 19587 9951 -49429 -38395 1290 46923 -9873 18562 -16132 6126 -20174 -3929 -6535 51434 15511 19187 73579 25622 9119 28212 10898 -54559 -3652 -27288 -13647 -2812 18788 16711 9038 5684 -26420 -94566 -12673 -8576 35308 -38459 -13397 -6017 3059 -37594 -11106 -32243 -5929 -16392 5562 -2640 -34360 -4073 -25704 41574 9533 18168 -14867 