28096 8369 2351 9647 10727 -23814 -751 -4827 13127 -27777 10230 -6798 -18076 -23847 20466 32224 8956 3229 3549 -3001 3257 -17864 -7381 -20457 -20023 9751 -23059 4284 -1636 -37369 -3300 -26258 -3555 27405 -8240 -6004 -15 9932 10305 -15729 -12174 38420 -3502 26069 3420 -17604 5391 33243 44903 -13045 3572 -31315 -20507 1722 14782 -9486 -9647 -11377 22808 -35785 -17081 18693 13092 -1111 
-11079 7104 18407 20086 20278 -12104 14609 3850 11078 39959 7443 -4601 20350 2552 -392 21039 -4686 16825 10001 -16377 54385 12305 65 -16709 -10535 -28028 10577 18906 858 -15541 -12560 26578 -20161 2528 7388 1634 -19302 -5814 -12817 29282 -18314 28019 23342 -15091 -11982 6033 -10022 22441 30349 -49570 8731 -13548 23034 9802 21406 3733 -1591 23369 -28753 -583 -43741 -21159 16134 10087 
18825 961 -24949 12498 -55872 -9391 30600 -5466 18918 1419 3907 -20941 -45788 -3046 -9409 21109 -12233 21416 -6603 35191 12855 -4345 32281 19711 9582 -18407 8277 -4492 15199 7069 21887 43756 14853 3065 -25946 -12402 -29518 -2285 -2237 27110 3744 -32036 -11535 31298 29055 -9881 20370 3756 -4469 -291 -38651 -4243 -37105 26063 -5629 -10548 36494 20127 30362 -18326 -2834 -32 -18917 28851 
-7207 2506 8563 26188 -1824 15741 34682 5699 -4790 2871 -390 -2283 -29788 18990 16706 9066 4137 1025 -1411 33128 27352 12696 27020 -25043 -1871 -47323 21305 20438 -3440 -2586 -5862 4886 24873 6183 -20251 -20141 19591 11497 -5443 24529 13407 19158 20001 -11202 -1303 11922 4150 -24394 -39701 -27129 45495 -2586 7944 5886 35623 -6497 -19315 695 7028 19064 48826 -39855 14566 369 
-19636 30073 -13977 -379 -14493 -5741 23540 19709 11830 -32165 -25517 2836 11951 -11133 -718 -2925 -19558 9356 1808 43712 -15362 -47193 -13370 2667 7368 -14428 3548 9170 -13882 12597 -24191 46517 31433 -24263 655 -8543 -21400 27756 -10524 23086 13218 -36323 -17208 -6085 8138 -8249 -16019 -34 19052 -10311 2109 -11217 24869 3102 49854 -12119 20989 15961 5256 -8944 -1913 50731 -14295 30086 
31298 -5175 -18265 -2600 -13114 4387 14850 -6131 -7137 -19816 -26217 -14675 7188 -47827 12801 -462 26025 -5060 -14663 9940 -9782 18783 -1927 3232 -3212 8414 1095 271 -14574 12119 -12134 -2162 -31286 -43838 -13152 32201 20067 1411 -5720 -16538 -9985 4994 -29331 2674 -23866 11258 -624 -4292 8728 8676 9501 11718 -6287 2643 5418 9908 -22219 24998 34349 -17746 -1758 -3105 -3070 3122 
4349 5320 25432 -5540 24878 -375 -2847 -3905 14950 -19085 21014 19593 10643 -2110 8405 15882 -173 15823 -8706 -19702 5430 3034 -10235 -22274 19684 -8550 -11817 17352 -10834 -25584 -13684 4029 3870 -470 8868 -30586 -20963 -13556 -7198 26101 -38570 31981 -3210 4478 -41547 -4511 -806 12160 -11880 -1468 14703 -20102 -23925 -14575 39897 1935 17954 13222 -20130 2561 -20613 25279 -2761 38360 
23441 -549 -17603 3527 37944 46598 -10201 42944 25545 3001 -7026 27905 -14964 -19172 39993 13314 -24210 -4818 -17893 -8855 53905 4759 923 -4805 -16861 -23995 -20055 -3584 -10644 4316 14978 28838 5090 -605 925 -39191 25734 13731 35462 28943 -323 9506 -29114 -8910 -2058 -25946 -39476 25411 -9889 20581 -16597 3003 16801 -24574 -1673 11136 -16720 18865 -7350 31319 -21849 7177 4364 6386 
-41176 -10013 18924 11564 5041 -10466 6238 -4992 -59 -3463 -19920 9883 -10314 -11767 -12038 8152 16739 -15454 -35668 -13363 -19878 1743 -27145 27611 -439 12209 21827 -4321 5594 -22212 -26967 -21344 4839 14086 -1481 68041 -5246 -21255 260 2164 6107 -16501 -27805 6149 -8970 -21045 -17734 -23482 -18144 5560 -12866 35371 27 33627 1104 -32775 6831 -22737 -7141 -7109 20442 -13097 11922 9333 
10346 -24964 -9101 -6351 9131 2065 30069 -26489 16540 21290 27795 -5 -18383 9581 17694 17777 -18982 -21122 -19325 33613 9195 -23559 27512 8435 -18025 -11264 48049 -15410 11627 -7035 9030 -6956 2828 -2647 -1916 23688 38414 5233 49449 -5726 19145 20129 8842 -20808 -2428 56428 -4884 -2744 2910 3457 34653 -11737 -23536 994 -23378 -25543 -3085 -41291 -15713 -10760 4549 -9240 -38507 -23055 
-19526 9600 3334 -21133 -15328 -9601 -16336 -18300 -9430 -4574 -8041 9837 1375 2432 8389 774 12194 -9910 10574 19157 -13529 3885 -39626 13389 10228 -1473 1513 14693 20636 1115 -2920 -23019 21369 12440 24022 6276 -24121 6295 -11015 -31018 11727 -18323 6808 6643 15485 2829 27064 -37357 -1568 -13329 -26188 -10037 1709 -5843 -16420 -435 21358 -984 4151 22435 1786 6463 8946 -11473 
1598 -8940 -363 -31827 -15819 -11568 -23158 857 -832 25079 19856 -15325 26612 -11055 3390 -26183 -49722 2887 -5706 12005 4573 15967 -7909 -31742 5702 2399 20997 23620 -6661 -9064 -15078 -9113 776 -47951 16015 1378 -47157 -31845 -3148 923 8722 7054 11205 13844 9280 12643 6846 13118 19301 23085 -16222 10159 3235 -5927 -29999 2901 -11565 -5843 -19700 10138 -26269 -51078 2800 -1105 
-11693 -7363 -26013 -13019 -6499 -3109 -823 34599 -9729 10739 9955 891 34682 1441 17440 -24007 -27011 -4844 18404 -10803 -20566 -6820 -29731 -17022 -6261 40531 -31826 -11318 -14677 14988 4144 23564 3438 1750 1628 3282 12603 5525 -5427 -7902 25600 -4936 -15759 15037 16874 19802 16916 -2898 -17393 34392 -28956 25425 -20121 6369 31297 30301 7043 -3613 -14756 -15438 26030 -7787 -6303 20785 
-14310 21277 20417 13794 -16494 -12607 -7686 10032 -11922 -13399 6578 -1534 24718 -7728 -33829 -26639 23108 18966 17671 39308 -20888 8003 5047 34920 3124 48898 41545 -4598 -25287 -11049 -10940 -3260 -2203 -4589 -3434 23785 -30348 420 -39949 -13123 -6481 16395 10315 19211 -27645 -14257 -775 -25711 -17854 3894 -13153 -2414 -42528 -4760 14345 -19498 -33951 -3232 11887 14787 -29989 26836 11626 8201 
-31487 -27545 -4492 -1059 -4410 3098 12280 1897 15244 8530 -14676 17396 -40438 304 365 29658 27974 -9478 -4495 -14128 3376 26940 -5075 10530 -19328 14242 2262 4646 -39830 -17906 -20166 13355 18910 16959 2600 30382 -11602 -15851 8396 14811 -616 -3473 15579 -22441 12425 47515 22731 -19820 19325 -14186 142 -13682 2852 15471 -4314 12892 9008 -11585 -852 -10480 -3876 22969 -11278 -11524 
-19012 -2826 8784 13017 6481 31842 -8756 -32415 28906 18695 6996 13423 17930 -13276 16727 6537 25665 -2605 -8861 -3699 25066 38590 33008 16288 24227 -11961 14882 -2270 30074 25711 -4185 -9752 -35009 -13412 1901 20682 -9766 -62794 11930 -17865 -26640 -1523 -8436 -5056 478 28141 -17431 22210 -4386 -23256 -19777 -4055 -8871 -22382 23964 4017 -10396 14535 -10201 8632 5677 -21089 18160 -12273 