105 128 -9 37 113 7 -64 71 -58 3 141 -167 172 91 78 101 -3 120 -61 47 -3 17 -44 73 -145 96 -111 6 13 -28 -228 19 45 14 39 35 -141 -31 -116 -32 120 -9 -7 -186 95 -159 -142 -107 -1 143 224 75 -26 152 86 109 -71 -41 97 -73 -185 58 140 89 
113 -78 -103 -94 40 -16 -76 77 192 31 64 -33 -19 -193 -24 4 128 -87 -78 151 -121 -166 -28 168 -53 -60 -100 -111 189 3 105 -2 -66 1 -13 -181 31 -75 76 -91 36 33 13 -182 -126 -145 84 -45 21 -126 107 131 114 139 149 212 -102 122 167 -142 16 21 -178 -139 
-69 106 195 -80 37 242 -148 -141 -69 174 176 -116 0 35 135 -80 143 -151 6 -122 83 -28 -194 -58 69 -165 147 -76 135 -31 111 81 -87 80 209 -38 77 -29 23 -123 28 -176 -58 66 220 90 -77 74 -156 12 111 89 -92 72 -27 -234 172 176 107 -66 20 -108 196 34 
120 -163 20 -93 -14 114 -73 -41 -18 -43 120 -94 -83 83 20 -103 163 -142 -84 110 0 116 -152 27 -46 -79 -124 -42 137 163 158 40 49 -9 175 123 69 -153 59 3 114 87 6 40 -170 44 6 52 -18 -235 -112 -181 -127 130 51 201 57 -100 -177 -49 143 -104 -178 204 
-9 -40 114 -164 -42 -82 -157 -82 -103 -35 15 139 167 50 -16 48 -34 110 -213 -190 167 10 -152 -88 3 -25 49 -81 150 -52 221 -148 4 12 163 49 62 85 243 -90 -126 7 -1 139 150 26 83 48 96 -121 137 78 -14 109 -95 219 159 -42 152 51 -72 -95 212 -158 
13 55 160 94 40 118 -35 -21 -206 26 35 -7 155 -25 -149 162 50 13 94 100 54 77 42 -114 -6 39 -10 -8 -70 -2 41 -99 -133 -210 -235 94 108 93 -28 -12 -108 -5 59 25 -45 26 -71 -169 96 12 24 -64 22 26 9 -40 41 38 -58 -167 -169 -107 41 68 
114 -1 -70 13 -36 -55 52 129 115 -64 -25 -46 139 79 84 62 -30 79 -4 108 -125 -68 -43 20 -28 130 -18 9 186 46 -22 -45 -87 105 127 -131 10 -71 119 40 -93 39 -3 -246 -121 -58 -92 -195 -68 -14 124 -197 -88 101 -62 123 54 -11 209 -21 55 -55 73 -216 
173 -193 137 174 111 -175 160 -106 110 10 137 -105 166 156 -154 -12 -34 -197 -83 152 -3 -179 -75 115 -146 -159 114 -72 87 7 22 -48 45 -166 245 -9 -37 -114 40 179 -130 141 11 8 151 -224 9 -94 -5 17 -18 -31 78 -165 -143 11 33 -34 -36 -113 -12 32 -97 -205 
-66 -118 -180 -138 -37 15 -34 58 -78 44 -2 0 107 -17 -31 -93 -156 74 151 74 145 -67 115 -145 15 177 -169 -2 -47 -53 14 80 155 35 -165 -92 198 91 -168 -162 -155 115 -64 125 94 66 -73 -33 44 -123 -145 116 -117 110 -104 -183 -38 -72 46 43 127 -7 -1 136 
-38 -77 55 126 -11 165 -73 137 171 44 119 -155 -60 43 54 -17 -63 -166 -55 -69 196 75 -178 13 21 -46 -111 -126 -106 25 98 221 170 -228 14 48 53 76 -178 124 147 -16 134 121 -224 -24 154 -92 -4 183 -106 -37 -159 79 130 20 -230 57 -137 188 68 24 106 36 
-131 112 -62 -33 -141 -45 -7 9 -20 -77 -12 -6 20 23 -49 -29 22 95 -97 -6 107 8 180 -137 83 2 -103 127 13 42 -46 41 97 190 -59 18 -122 148 43 -39 53 -59 -41 123 -37 192 -78 149 -144 19 12 101 63 -53 5 -24 127 8 -14 58 39 123 -29 -20 
-156 137 36 1 -24 -50 112 38 100 69 -81 36 -136 -81 -82 175 -104 -127 -218 32 -177 -6 -92 -83 78 94 -144 -45 33 67 28 -31 -215 113 -27 -163 127 242 120 44 146 -60 13 -23 25 -4 30 -23 64 150 -21 88 74 -114 -23 -119 -188 125 -29 -130 146 49 -169 -8 
-139 -69 129 -53 93 -115 19 -63 98 -88 -92 65 -95 -25 -115 142 -148 98 -164 -72 -122 -1 91 -15 -1 2 191 -38 -75 -168 -97 -189 46 -8 -46 68 -12 -15 4 12 123 -90 81 154 64 71 -41 -22 48 -112 144 -167 22 -45 -212 -226 -18 -31 67 68 108 -158 23 72 
46 72 -84 -190 -21 -35 -11 -66 -66 34 -231 132 -14 -56 50 78 233 29 55 -168 118 58 47 -177 150 238 -42 -204 -168 -48 13 -22 -75 139 -153 15 23 73 64 -205 7 135 -109 -91 -73 117 -107 -69 -154 54 40 -86 -116 133 -119 -92 -39 -147 -27 -169 -120 97 43 -155 
-158 -164 -33 -56 -8 57 5 17 7 75 144 -119 109 52 7 -216 52 -14 138 126 8 3 147 -20 -109 135 -40 -198 -5 -35 6 -149 138 78 24 -105 131 45 -81 -79 79 -156 72 109 -244 71 80 77 14 -17 102 70 32 0 139 16 -23 3 18 117 -70 48 109 -28 
23 -94 -168 102 -167 71 22 -64 204 47 50 -3 95 -10 -87 72 172 -196 209 125 6 15 27 26 145 -58 -19 176 -17 25 127 87 -181 48 -203 -187 112 87 -221 114 -70 -136 -6 -12 -51 -128 110 -136 -150 -45 86 -39 108 82 -94 68 -3 3 -29 -33 3 -4 -202 40 