-6806 -30431 -31081 18800 20785 -45460 22450 17843 6953 22270 -22330 -1546 -15405 1897 -44142 -46557 16287 -33413 -13024 -16321 9741 -21969 -48285 19874 38021 -17818 3542 10271 -40026 8716 -57877 -34029 -38342 -18629 -17933 8775 8212 4306 -12047 3492 -75179 14223 -26180 -9053 -2602 -21680 10489 -8818 -35247 5474 -12021 32906 -29312 -22523 -27415 -12445 39141 -7926 -20482 -5031 -24979 -11842 12424 -24742 
-3130 25648 -20085 12400 11680 25566 16704 -50814 -30417 -64814 -26411 23298 -34130 -35007 -13334 3595 45 1962 -8992 -822 5150 -21825 -47305 -19907 23840 9422 -70609 15671 -11326 29022 1928 60551 18768 -13215 -4044 -8535 -10383 -11573 -16168 -40515 -10389 19560 -2926 9618 -20664 15768 23192 -37478 19785 -35785 -132 -13933 21951 27733 27956 -6899 -37516 -13809 -27797 2400 -6320 556 -29717 33964 
-760 -6799 38050 -12071 -54602 14184 40177 -7425 1097 -20234 24486 23988 -5285 25993 -29047 -27782 -26729 -34908 -20412 35815 14303 -12932 -22693 -30960 -14639 4517 -11011 -28980 34183 3498 15303 6696 24854 2896 -22747 12899 58205 3711 -5590 38270 30128 21365 -62909 43573 -39525 -33611 49057 -41515 6531 30823 -36094 45506 42799 17009 19707 -21068 -10679 688 19404 -446 -9805 23127 48410 -64938 
-51234 7248 33574 48804 -7301 20140 32550 14105 -6146 -55606 -8316 -48889 -1298 7071 15135 12485 -19604 -29458 -31344 42196 -59756 -5801 38387 23784 4205 -11757 23870 8221 -32039 -19392 -9159 4445 -11230 -19093 -6314 26356 1426 38744 -59194 50689 -17130 -30496 -9548 -44732 -38566 32594 -2016 -1566 -26666 18916 16870 -50897 1031 3298 -6422 780 52931 18295 -16863 -10033 -32766 -18524 -29704 25209 
-22064 -19195 -23445 -2133 3983 -12953 21762 20346 -21045 9156 13398 -30563 54023 -9495 33984 -48399 5038 -25767 33550 -20335 20738 8999 -30595 -31792 7836 4988 -4851 17802 43953 5964 -5351 -31850 -11682 4552 -28302 -50754 -42716 11623 -32189 19936 28626 -14230 -19404 -22645 946 -14975 -38144 -7552 32439 -13343 -13843 -4017 11696 8030 10301 -8272 13772 -38107 -38115 -29356 9474 3490 -51967 24217 
-16185 -939 10229 -5721 28745 20172 856 64911 -1392 22157 -9009 5348 9522 23945 -35057 -22561 -14526 28497 -27276 1745 17301 -35038 -58111 -13142 54621 -8354 -38192 -13001 -7188 2263 -40088 -18769 24085 -27761 -2363 -83870 17946 14415 -4803 -1027 10529 34084 24794 -39583 -16065 13629 -2372 27288 12932 -11337 16475 -12179 2189 -4278 652 41554 25881 18879 74074 -33946 -20184 -10272 8192 -4504 
12309 28687 19389 -26752 -24852 -38833 27961 -47931 4395 -332 3311 11338 -11498 -33129 7887 7895 6070 19779 13696 -43604 -28899 -20461 -11456 11421 -52725 -34762 2695 45573 -7113 22420 -18961 7886 5718 -37310 4635 -8825 -8653 40971 40495 -33276 -28948 -35935 5390 54263 -20160 -3570 21029 560 -6533 -407 -11183 -11167 19880 15581 -31324 11180 21337 23199 -15323 13951 4565 18210 -15188 28999 
-7756 -930 3795 27564 43531 -70541 -15957 13564 41441 -25556 31031 20877 773 -19157 32862 -20542 5533 -3397 32539 4199 14377 -11055 -2304 43773 7375 -45805 19327 -570 -46731 -46718 -3973 -65645 -5992 30318 -5781 -2001 -7232 -32225 -8681 34618 21915 35691 20867 32672 3645 -30467 -33821 -4297 -12195 8108 22565 23854 13779 27921 -20994 27598 13471 36703 47971 -26213 2019 21387 -14246 -16653 
45520 -46261 15886 -516 57781 26458 -9231 14862 -29489 10191 -5159 -4460 3579 -323 -14355 -31000 -1748 49169 3992 41113 -22628 -1547 5624 -22613 -15003 -38228 -8085 -5878 27212 5091 3276 16928 -61058 -39437 13540 37225 -7280 -21733 28703 16373 -18402 47172 -7546 27622 -9296 36081 -6315 -6111 -73584 -8764 -22 -17771 172 -18075 3982 27042 -5849 -13430 -50743 -21224 22467 -1459 17966 733 
-5795 18999 -14588 5113 24364 13531 42962 -49910 -62354 2091 32648 8035 24010 55166 25566 29294 5728 -508 12557 21969 -7911 14905 -50165 3283 6769 -4134 -847 6106 -21135 -52674 26635 19135 -31548 28920 23608 1522 13956 14288 -20433 -41062 -868 -63117 -1540 54936 22184 2139 -48248 5189 -35471 -8543 3740 -9649 -24243 47264 -16313 -11193 5173 63373 -16016 947 -32089 22631 23802 -13069 
-9363 52327 -45377 68503 40354 45151 13137 1722 4261 -40 -12474 6431 1079 22162 -4856 32807 13266 8078 21650 -11979 -48982 -19987 -3545 -39005 8728 600 1771 -20292 15705 -15291 18601 14779 -38822 14391 9957 41071 9904 -3653 -49501 29153 -1015 -88932 -19866 -24788 19568 11318 -52425 -5446 -9765 16150 34493 2808 -9109 10523 -17628 -2401 -5589 2864 53130 -30814 36673 -46853 -29985 -27137 
62942 38896 28746 4984 -42211 11460 -13928 13047 -1756 30780 35959 23120 8946 9927 26702 9017 -691 35792 -29189 -15026 -26305 -14038 26699 -1850 39998 20385 -19789 -12865 31705 -5773 -31836 -11162 7024 29412 -19472 12121 -32784 -5308 -68 -6260 -9039 21754 -22869 -18652 8496 -136 10727 16937 -6797 -20499 17746 -16818 -2884 -3118 20236 -54873 -12334 -10629 39039 27628 7823 13657 38506 16468 
152 24248 -12791 -7646 17401 -54063 -53783 26082 -8573 13133 20790 4183 -11445 -7307 31214 -6191 -27805 28239 -4731 14285 6314 16895 -14436 -21493 18743 16159 -6545 -1155 27059 10769 -94 -13175 22548 11809 -4370 19839 -51055 34510 9992 -26491 -29567 31201 28490 35455 7634 27204 20822 36711 -11799 -12327 21610 25387 29139 19887 -31326 449 19246 18880 20328 -9035 3757 17205 -34850 8283 
-23482 16610 -11041 19947 20797 31018 -2865 44689 -11159 21407 -18942 27940 -38094 -4302 42654 -16765 60812 -65909 -40413 40956 -20879 -15926 -72971 10432 -7720 -10821 -17864 -31780 34686 9682 16147 -13114 15327 -6740 25985 -14839 -4850 54158 -6415 -29108 -11332 -23078 -3465 25519 73869 25194 20200 21594 20172 40251 20676 -26923 11111 -82146 -17822 -2473 -39367 -22437 16863 33417 -53626 -32197 -24846 14984 
-13257 9834 -32445 -19845 33071 -42166 -34229 1936 16761 -27497 35497 11566 -6708 5341 -13316 -1892 -57806 -27199 -32536 10190 -34704 30772 28949 -30625 50201 -19277 6083 -7399 32308 -15023 5140 6325 3603 -14149 -11376 19917 -36781 -26222 -17576 -15867 -1715 32165 38808 -12913 17727 7086 -48488 -12747 -2221 17818 -55413 -20530 -12212 -49630 -5101 15955 -40662 -22967 -11088 43881 -59462 -13583 -890 14685 
10300 -2357 7016 -12486 11683 -1348 10384 -6855 38483 -11407 26180 14649 58221 13616 -17366 -15831 -997 -21715 15005 -16398 26237 -21389 -20483 -34455 -13373 -12572 5082 29298 -29868 3257 8503 19842 -33779 -5607 -32731 6178 1992 35394 14146 17004 -9177 17502 17248 -9758 5982 -20206 -16120 -11652 29256 -25792 -53504 -17517 29649 57241 -16748 9822 -9359 -28900 15477 -23821 -28746 25108 -39215 -7262 