39440 42375 -36487 18844 21702 51444 -1360 15246 -9559 35181 -10789 13612 -15457 14023 20225 32647 23892 -7632 29748 20549 71955 -18766 20919 -60748 -41887 27463 50059 12856 -10028 -67094 56405 -15842 6826 -63941 -17939 63290 -21956 -63218 38579 35926 63812 -33853 42700 9438 2684 -89938 41064 18400 -13872 36992 -47588 -8213 -25871 34896 9729 -27018 32219 22290 40537 33612 -23684 -50793 3016 17608 
-18705 18691 12507 -26777 -18459 -74308 -20447 -9937 70482 -23619 -20992 8554 -46562 49498 -16306 -28248 81371 60821 -13229 10213 38478 -44479 1286 21589 -3620 22068 -12051 76484 -30065 -8433 17230 38409 18180 -91021 -3492 72453 -76829 -12832 -36424 5293 -7568 56496 -24907 -20502 -13359 49852 31598 13438 -48847 49264 -53480 -3872 19931 -45065 34291 -50623 1031 -28619 -59140 19068 -11010 -39212 12086 61719 
537 37734 21324 -35177 57484 16390 45915 20110 17335 838 -23028 -66990 20268 60805 58873 42728 24362 -84377 -39032 -11408 -51071 -32156 -39621 -68710 30378 -8388 -19124 79117 -3495 9403 -93872 45790 24658 -17542 12404 -12409 44695 57130 39618 30124 -47954 -41056 102762 -20138 31924 -39960 -22764 17661 -23378 22509 8075 -101302 -19871 24979 -64790 -1282 -27808 4058 -13353 -19611 -84732 50619 14984 33750 
-15168 -11219 -2598 -27779 30199 -61473 51183 -64124 7746 -8601 -17769 -27610 -8475 57818 -13053 31584 16014 -39003 -17150 28058 18584 -31993 -60087 12072 70963 21811 -1751 83352 15946 -13696 41731 31698 -23948 42008 55266 16502 -44401 67033 28243 -41849 100852 51938 -51645 -1422 -44545 -3737 -1945 -65158 23674 -54641 61494 -50198 45846 -10232 19152 -21990 64433 -17673 -62054 -5828 18350 23333 43830 16090 
-24193 -7277 -41905 -93107 14993 31979 58826 2734 -11546 4392 -11092 3970 51246 -1747 -73614 55750 9947 -35933 -2878 20654 -79280 -7165 1937 -20807 -71075 46784 -19389 43758 -34215 78210 -1335 17516 94808 -2145 28026 21131 17716 72357 8024 -9916 -35565 -44770 26535 15986 30494 36786 3440 -52984 -8125 -8767 -70925 11199 -61355 93751 -25050 9436 19421 -19250 -79757 61401 -13650 8840 6493 36723 
39998 3413 -18215 58279 44376 29840 46123 34035 -28343 -23339 -14447 -726 45939 11219 -27861 10770 -15790 13255 -52848 -37544 20387 55008 -43098 -26205 -30928 24831 36264 11678 12296 15992 -5714 -23225 -27434 15145 -29736 34836 -51523 -8165 -25160 -41112 -35559 -122923 -30046 -60880 10417 -47066 -8610 24196 -14878 -25227 19483 33400 27859 -5923 -17630 12501 15467 -711 -16860 7352 15325 -12903 -45853 -14152 
42302 10527 4771 -50449 29002 -10193 -39369 -3149 -11026 29126 48932 42641 -49668 4302 -22624 8566 4473 33746 23835 -6533 51448 -7400 23492 18581 -12813 27310 17411 27338 -37989 -15752 39321 -711 -55258 -49731 74499 31728 -16891 1048 -44425 37255 17472 24865 12722 50742 -8833 -5486 41412 36692 -77141 -34846 -27621 33823 -37178 45009 -35382 -77124 -17894 -11137 -77929 44747 -29719 10983 -18633 37909 
-11751 63343 32638 -19568 6680 10289 59504 11596 -33242 10666 3101 -16621 -71581 -12559 -19828 -52404 31605 -1131 -107077 58048 81683 25108 36622 -14933 47943 44987 -14474 9020 -49241 41583 63531 98993 -30969 51316 -760 10299 -25800 -3596 -8828 62863 1531 -6019 11451 30614 -31151 29528 -98656 -24819 -35930 -26252 -42550 19904 -21548 21364 43533 -36937 -67285 -22129 36368 78130 61073 23984 617 56228 
3130 -28790 -42887 -1930 -64472 -61118 2776 -9194 -62629 -56686 49733 -15039 -6716 -7744 13269 20331 -11933 -5027 38340 -40857 30461 -4254 -584 13231 -86727 25200 35938 -29663 44415 -8873 -24310 -6885 -32637 6626 -5538 -59096 33103 6947 65944 -4124 -70049 -21772 -45189 -32850 41694 17314 41412 62817 97444 23509 24411 -25212 59008 11485 -19983 10141 26513 -67550 -1316 52261 839 43094 22058 -33752 
-4452 65902 37564 30782 -22076 -35189 34490 -64678 38240 9451 42173 -119092 -9986 -554 -18361 29 18821 -58390 19546 7477 -30804 -16362 -10213 -47314 50063 54980 28538 19575 17551 -40468 -21820 -1893 18380 21738 27460 -31544 9512 -50365 8636 -17280 40361 5587 -90316 -4455 -21208 -57252 43899 -13850 -37126 27314 84513 33887 -20327 -78840 -22489 95260 -2406 53832 40022 55282 48184 -8433 84375 -15941 
1383 -44483 -17358 -8381 -13591 -12672 15764 -11796 1855 28821 -2048 40466 26712 -15469 -23545 10454 5285 -41593 14935 -10784 9428 -20984 -25686 34500 -37037 -17364 45780 -78094 -10650 -19458 -43658 -26946 42319 -7312 16019 -12257 17523 11357 19629 -2588 -22660 18721 54347 36128 2034 72030 7440 18387 23390 15709 3540 -11972 -12288 7115 4843 26288 47304 34500 29937 -79707 -17515 37092 -2014 -73723 
-54892 41004 57233 -18121 -3022 -2731 -24097 -14027 60132 31327 15551 -24593 4809 57857 -62877 -10770 -7533 14353 -3868 -63708 6389 10867 -26314 21310 -23925 -39239 -28528 -45827 -48569 3783 39661 -67503 30597 62953 -124 29934 34601 -60152 -52604 -4970 -60600 1233 -1314 22981 11783 33251 -8509 64642 1264 9397 -12274 -44760 7437 -134708 14532 -28565 -45704 -7229 -14226 -35293 -42270 -40073 -9267 -1703 
-45704 -26 8354 18135 -34404 65492 -62689 31415 -7344 26772 -45186 947 4960 -55608 -20692 -19805 -30368 41398 -24053 -16125 -53364 -20808 -5866 -8387 -28512 -11356 -15318 -47762 -73972 85263 52773 -566 -9109 66121 -837 -63094 28599 -15185 3786 50485 -55255 4247 15630 -9517 31610 -37070 -18104 -13996 28396 -13482 68435 -21596 -4241 23507 -15694 1249 58904 49938 -47890 -8086 -860 10332 -52067 38348 
7869 -33846 -79807 15278 -15756 36295 -60764 -8541 37539 -26582 37294 -23684 99060 8784 -50297 97413 -353 30278 27621 -46230 -10441 9920 10630 31243 -24995 -34616 -47441 -21017 69727 30840 -47201 13610 -71562 38598 -18964 30639 -2253 -18399 19553 -19288 -6548 -16961 1 -1977 -27349 10052 48787 117362 -41431 2673 -29136 2720 -34846 72402 7995 -8640 37223 -32881 -42901 -36867 -55518 7850 -1942 -60010 
25316 9206 -33903 25639 -71833 -36756 -1807 -2056 -44653 -44252 1886 -9908 -49120 -16965 6325 45331 -75154 2548 -62060 -12171 51927 -47137 -35383 2166 -35228 21184 -13606 43724 -5192 -37887 -30506 38697 38332 -35797 -3777 18624 31694 2757 20125 -2588 13785 9223 -12410 -13245 18723 36789 64442 -11982 -372 75139 34596 37278 -37519 -39694 -61071 40638 27791 26809 -15732 -49913 24511 25680 27759 24577 
66665 -26165 3022 -31197 -21394 -63454 -3094 -5000 8422 -24184 6803 -21663 -17631 -1644 3850 -43127 68077 7886 -39324 -42998 15109 80283 -39169 52061 89176 34957 5320 -15867 8311 -47000 -49441 17486 -46625 -40530 -18723 23778 -52257 -15542 -14401 -19668 -66873 -8255 -5748 -9694 -20641 30824 15112 12479 18093 28669 98016 4176 -50352 -63300 -7765 -92850 -17553 -30453 -680 17755 18027 -66347 -38323 -27725 