18875 13107 4600 12109 30327 -6167 3113 -1976 24770 -19472 9371 6500 -6034 -38762 -13881 24525 5897 4489 7946 3299 16647 -3901 1477 -22164 -19558 13924 -17661 3032 17222 -26197 -4453 -35265 -15375 23951 4202 -3253 -5638 3832 19689 -6965 -30857 22293 -8118 22532 20059 -9818 -9596 34034 47108 9326 29154 -4809 -19323 -13596 10767 -7747 -2549 -18936 32313 -16963 -32721 -4704 7035 -673 
-16874 -13175 -1684 7902 26908 -5019 14780 14383 -11571 28334 19030 -3598 20101 12497 1299 28114 -14187 3797 11073 -38641 31669 25699 23833 -1778 2528 -32318 -12955 10508 10592 -6383 -27600 15219 -18920 -7743 4432 11978 -10926 -6056 -30448 15365 -30963 4372 31459 4186 -9417 6586 -16669 16790 49663 -31376 756 -28128 2202 -3453 17346 13171 -8449 35800 -5533 23213 -23753 -38931 -9535 627 
19414 22332 -11783 37052 -36448 -37779 11773 -5305 17737 11693 27132 16726 -31549 -12841 -28225 5310 -23001 8437 -23773 15661 14879 -12425 21576 35309 16004 -16163 1499 -15577 -146 -8703 -1351 48522 15614 25625 -2167 3996 -26004 -15880 -25271 13499 17560 -22674 -39589 -3661 24058 -10467 15596 13496 1942 22287 -21505 3203 -48869 4869 -5179 -17815 19151 13723 47136 8246 9434 15110 -20665 24726 
-9947 -10570 -11407 15970 -8056 -3365 31950 24615 -4514 1924 3984 10596 -35701 -5782 6815 11734 417 -4724 -24660 5104 18450 11079 47541 1067 18466 -49996 -10436 12724 1194 655 -8815 1167 20935 25835 859 -27401 2335 10577 -10905 22911 602 8914 28702 3347 -714 13723 23630 -12879 -25743 -60269 14122 -9662 -5210 -14509 30339 7157 -20329 -15254 -15815 -10498 58158 -20312 10439 7275 
-29891 23696 -2945 5575 -12615 -23933 2729 20784 28357 -6250 -28045 -14459 7482 -10435 -6053 -8190 -23585 -4550 -19541 46734 28132 -22756 -22380 -9206 12863 -10399 -3303 11820 -14104 14810 -39172 32936 40020 -5414 7010 2590 -31609 16015 -16227 17675 31368 -11591 -17121 -16388 4129 -2018 -19379 -11734 21029 -3604 3388 -23619 7841 -18435 48097 11072 9960 16295 15969 -4807 -25358 43972 -6611 34999 
31973 17842 -4721 3704 -13614 -8537 12605 -1542 7208 323 -16393 -20142 17291 -49709 -12780 -13771 26144 12047 -11383 9162 -14448 13355 2536 6407 -6582 5378 4411 8900 -14095 12579 -6230 -5156 -6138 -41598 -51023 -6543 8757 5908 2270 -17082 -7262 17484 -19850 5012 -28646 -2527 -3882 -9331 1628 2510 5263 16701 390 2101 3932 14744 -34112 -5472 37717 -196 3408 1525 -2398 2567 
-2111 -9477 19887 -8830 23368 12904 8680 3347 18466 -24469 -612 11497 14993 1418 4943 22986 -5974 19281 9094 -15200 586 8696 3399 -23363 21815 6292 -12888 21782 12808 -11243 -19802 -6396 4975 2412 28878 -4567 -13000 -18370 -29986 9794 -47600 14282 3269 26047 -27580 -15446 -16359 1698 -9215 -9513 22411 833 -18906 -42635 16292 5000 11374 27321 -5919 8903 -28977 10824 -16134 35210 
20684 13269 -18064 -28124 71 45139 -6105 51247 19952 11181 -12028 31420 4215 -33706 20809 24811 -17653 -4207 -23339 -47991 24735 10075 8342 254 -10 -11684 -22118 -12544 -25208 -20665 -12735 21381 5813 3446 18059 -46602 -6011 -13101 15599 38990 -1217 26344 -9702 -5196 11286 -4848 -54078 -1625 -17606 20237 -10604 -5891 24707 -13509 -10811 6429 -24080 8720 -18179 31651 -13389 1432 2357 9132 
-33256 -33956 -5664 2387 7380 -9996 3231 -4872 3596 8400 -18129 9040 -1071 -7122 -20223 -2813 27267 18121 -14751 -7364 -22721 -578 -44462 4745 -8548 -1613 22754 8270 26899 7497 -10915 -28089 -6428 3774 -32561 57410 28693 -1315 4746 9089 16532 6294 -23657 4756 4229 -9753 -13985 -36143 -18923 -1072 -33737 14641 -12867 30214 29828 -17604 17631 -10680 -9187 -21072 13705 -16161 -37 8985 
22355 -10221 -10537 -16973 -3505 -14825 33324 -14294 1095 6232 31635 22279 -10509 -699 11922 27692 -6035 -16942 -44353 6901 13853 -32195 8478 11694 -14564 -39808 33799 -9011 11932 -5041 10824 -2127 1250 -7375 -22983 -9858 22688 -8380 52265 23564 6722 18200 25620 -11832 -30478 44798 17201 10019 -1393 -11852 37344 18212 -7363 14171 -5443 -30894 20197 -20047 -17196 -18797 2520 8037 -28659 -42903 
-20050 3410 16557 -3474 -8157 -4548 -12864 -30046 -5598 -3961 -15398 275 -2985 -3809 5570 3382 13589 -10054 -699 25821 783 25254 -32922 818 7931 -1808 -8813 1196 21069 14779 17411 -13404 10114 3945 25699 31919 -5342 16724 12660 -25777 17613 -15968 -5363 -5069 9339 -3476 43361 -18439 8679 6242 -16637 -16231 -3107 -2662 -20469 -13448 17031 464 -6423 18224 6759 8823 21084 1126 
8263 846 19504 -11557 -10565 -7045 -30420 -18526 -15151 7968 26547 -13076 29785 4036 21271 -16172 -44234 -13965 -22461 -5197 -8425 16286 11507 -29302 353 -10348 5390 30429 14796 10175 -3089 -8998 24177 -40160 5787 27889 -18492 -37599 -26271 -19048 1592 -1302 1631 7624 5792 12811 9978 23338 6261 31965 -5375 11895 16201 18008 -19839 -4161 -4573 4342 -16892 21467 6478 -48310 -21471 -18591 
-2731 7427 -14535 -16743 -16147 -16477 -28051 20285 -15865 -3798 1507 -16628 24609 5563 34223 -6527 -21362 -19125 16370 6992 -9409 4882 -22764 -32845 -21016 47496 -3880 -4517 -24452 -840 -8425 20677 1350 271 -1629 -3755 8922 12852 5586 -3886 24670 9602 -20004 -4076 2253 12369 25908 13248 -29877 31971 -26581 21249 -20441 -18900 8612 37185 9453 8913 -4675 -28224 16090 -2118 -16093 14745 
-25328 -1044 13471 28772 4922 -3099 -11615 5894 -4815 -17789 -3648 -13982 25110 20634 -11487 -33946 6748 7119 3567 49742 -1598 9211 -1574 42716 -24940 16876 52567 35957 5718 4561 -2998 -3204 483 -2651 -11934 34720 -10419 18858 -26613 -27709 -14925 3579 5141 37479 -1013 -7617 8147 -24927 -14290 7011 -4026 16990 -33482 -25229 6322 -23930 -28841 -22028 -5646 18651 -38357 3619 6016 11383 
-12731 -28590 -17676 -12196 -17409 -14610 -81 -1477 10616 19653 -7980 34768 -24810 -10350 -19014 21952 29850 6307 6190 -14318 -14500 20301 -1058 12866 -22881 5528 7020 29906 -14576 -12986 -34358 -5876 6101 13994 -3689 37092 12974 -9774 1351 19106 362 -10899 17201 -27905 -24149 24153 41519 1276 24252 -2446 6643 -13234 -9670 10488 -6194 11731 14338 -3502 3445 -8726 -16830 20074 1223 -11580 
-16743 -16438 -8964 299 -8931 34068 21306 -21872 13399 16563 6740 10988 29769 -4702 17767 19814 23510 8682 -6576 -24188 -9373 14651 33887 38971 24300 -11031 7337 -16332 11792 33172 18567 3837 -24371 -23820 -17272 21404 26336 -53651 -5688 -28495 -21014 -5255 -10675 -15330 -21928 21628 -20499 14584 10391 -6448 -17622 -6933 -6541 -39859 8 -1054 -15671 11360 -10237 3691 14982 -21403 15055 -7212 