-12144 9117 2664 -29667 -15405 924 6882 -13815 19859 10959 -7178 5732 1469 -14448 -18278 4337 -15763 -4767 5254 -30964 -8065 -389 11396 -2682 2808 23227 15466 3391 12049 5521 5328 28892 -7910 -6966 -20128 -3110 -13542 -13211 -13838 -4553 -717 215 -12580 -4054 -4503 14959 -23384 -19292 -7924 -8296 -5106 -11336 -21263 8117 18574 1506 -1776 -5305 15392 -10411 -22748 -6006 2072 994 
11530 -11004 -32338 -9908 9326 -10052 -31006 3492 -2129 -2221 16576 -4572 -16688 -15997 -1184 7719 -5826 -14097 -14208 24699 -8896 2728 19832 6486 -3378 303 21534 23787 -1850 -2502 -21238 19180 -5566 -19329 4144 -4471 5160 -15505 12284 -6127 8313 -10767 4218 -16884 4986 -2341 -8362 2867 -431 8966 -22052 4095 7571 -9180 -22718 -1609 8950 -4388 -4440 14996 17086 3276 -7696 12370 
-193 -1768 13542 -11063 8113 17643 -16576 -9542 -2426 -22396 -11618 -15054 3871 -999 11618 22852 -5641 -10691 -9694 11418 -26371 -17465 4736 -10536 9754 -3148 -5402 11046 -6129 -576 4662 -14475 9082 23129 -4292 -10413 736 -5516 15096 -5224 11051 14467 44918 -15108 2720 -2278 -35742 -13100 21374 5172 3922 -2314 5803 -27996 7400 -23525 10063 9152 -296 -28515 -21509 -14542 -2960 -11853 
17347 14701 -30192 8960 -21294 17473 -6512 -8705 -9063 -6568 -15688 -10969 -13951 -1642 19980 -2495 -19304 14667 -148 -8855 -11722 14650 -14578 12918 22802 -6241 -8214 -16073 -23957 1581 7178 8926 341 6743 -26640 -242 -13077 -4335 13542 -9420 -5055 21021 -3996 -8898 -8044 38564 8214 16534 -11117 11810 -2960 -10851 2929 7798 14208 21383 -30660 -5503 8732 13343 7327 -9118 -2738 11307 
-12624 6008 6734 -2176 -5384 -1650 -814 -25016 6081 2303 -14800 -7378 -287 -15 4958 -37598 5419 -14926 14356 -3735 -7229 -12071 -666 -18856 -8204 -11210 12876 9002 22576 3664 5106 -3952 -29643 -1716 -5994 -18483 11791 13271 7474 -1578 -18237 1839 8880 16014 -7331 13136 9916 4917 -368 4048 -23754 -5644 8936 3932 -2442 -8000 9819 3404 4070 30983 5519 -5359 11988 15256 
5164 23218 10878 -11134 -5241 5777 296 -17446 -11751 14276 -8806 8297 7232 16129 -14578 5601 -5146 -14966 -3922 -19890 -11144 2025 27824 -5345 -12794 17387 20128 22353 -13464 -12350 -1184 9484 -22988 10925 592 5919 22516 -18547 15910 12627 -12317 1975 -11100 7640 31985 4229 7104 4912 -3467 18238 17316 -7429 1607 258 14356 19625 79 13369 -14652 -15412 13370 8301 22348 -4525 
-437 -18416 1110 -3979 14432 10791 -2960 20783 -1107 -16340 2146 -5237 4892 -26631 -740 -6421 -5698 -26910 1702 4244 16001 18469 -23902 -1494 -10441 10764 -5624 -7669 7888 7250 -12062 15804 -2134 2484 -6734 8342 7574 -11556 -36926 -3760 7828 -19110 11840 -22826 7497 -3476 -74 12235 -3903 6518 6512 9497 -3329 -7550 7770 1997 -11046 6853 9472 18895 377 8102 -9546 11143 
6521 -5122 15318 -1043 -25586 7391 8362 4449 7948 29469 18056 -15863 5554 -23542 8806 -13548 10476 6738 -6438 -38064 -6310 14488 -4366 2184 -461 18614 11692 -30687 12592 3710 10582 -4566 -2523 1970 28934 -17647 -1944 14665 370 18049 -3964 12642 1924 9344 -7222 -1448 -11692 -4230 14966 14180 19758 -7040 -10223 -10383 15614 706 -10422 5455 -18056 -1859 -2680 17942 10656 2830 
13617 8752 -3404 -12707 1320 -22257 -3774 -14943 14931 8910 1332 3639 30675 17395 -4958 -1436 20575 -16534 -9620 11589 2429 12958 -8140 -3927 923 -4136 -3922 5445 -24955 -6203 9842 -3186 -6821 11101 12876 4058 -35569 3544 -4366 -8049 5228 -12282 -21830 -9496 -2179 -1714 -27750 9871 -17762 5793 -18796 7345 -21380 18234 296 -16910 -21057 -304 -2812 3503 -1045 -2894 -11248 -17703 
12085 -8223 1850 34498 12346 -25381 -20276 -10593 642 -3777 -29526 -5355 -6067 -16714 -4440 751 6639 -5630 -7844 -101 -9563 -2405 2664 25550 -50 -125 23310 -5947 -4771 19255 4514 -9270 17318 -22309 1776 -3659 -9123 1762 -32708 -8471 -25044 1422 16206 12786 -6460 -10975 8436 18973 -10033 9516 4588 2369 -3585 -17256 18204 249 -17222 -27074 -1332 -12994 -7892 17013 -18574 7123 
27050 20469 -6734 15551 -77 -16015 -3404 -3660 1423 12247 1554 14114 -39745 -5355 -8066 7736 -4376 -20656 -962 6714 7119 10957 9028 12082 1621 -22182 -1036 1417 1170 -4646 13912 -8804 13500 -12318 -23310 -11028 -27317 19790 -8510 -20625 -14636 27094 2442 15788 -15107 11085 21386 11740 12121 -7791 13838 -24308 -4323 -86 -6290 8245 -12600 -3693 -13764 6573 1547 11182 26270 -20793 
18542 -9654 27676 12662 26142 9824 8954 15098 9102 -6968 -74 -9632 -1812 20001 2442 207 -10295 5214 10952 -12407 14590 15350 10804 -6246 -2984 -8059 -1628 23145 -16357 -16215 -296 -5710 -1632 -6604 -5476 7748 9800 6474 11248 4730 5236 -8774 -6216 8228 -18840 2691 -7992 -7935 -2726 -12900 9398 22780 -192 -13389 -15984 3957 -980 -15616 -2294 -17262 11759 -15906 9916 959 
-3917 -17954 10212 2771 -4761 1142 16946 12143 -3668 31269 3182 -11471 503 3412 -10138 -14955 8082 -2260 8954 1160 -6123 -8225 8140 -10574 -14910 -7558 2960 9056 -16524 -3665 148 -5093 5121 -8082 17538 26343 15876 -8374 -11470 11054 11170 -22728 -9916 -6008 -17049 13462 -4070 10399 13217 6115 9842 -3756 -19465 -14183 7622 2094 -7385 3852 -4810 14005 3644 9924 8140 13568 
7777 21288 -2368 2425 -4353 -4915 1628 -610 -6971 8160 11396 -23675 -13123 13364 -27306 -5975 -13831 -20880 -6956 5249 -9876 -7742 20128 -17396 42911 11454 12580 11297 437 32885 15096 -6860 11873 -8867 7622 30312 10465 -5982 -19684 -20825 -8174 -19556 10434 12896 8462 12472 14504 -2376 5490 -33682 -3478 -14428 7373 15595 -11026 33402 -1967 28512 -2146 -9863 14375 -16352 -17020 6459 
-11668 -12381 9250 -3403 -5780 -6074 666 3242 -9264 35060 5846 266 -276 -14646 7992 4614 -23076 15624 1110 4758 -15277 -2261 -10360 -7548 -6497 -25147 8140 6096 -23232 -13106 25678 -4592 -9906 -16112 21682 -15806 -8437 -3249 5698 4520 13117 -4435 -21164 12678 -8143 5166 9694 6125 -22573 -16001 -11914 -3054 10097 8328 -15392 16871 6327 27223 5476 -15068 -12175 -8551 -27750 9022 
3024 1528 25900 556 2413 2716 -4662 -16849 -2277 514 5254 13777 8140 -11148 19832 -1232 -1572 -16864 -4810 8204 -8440 -13089 -7178 11549 -2527 4706 8880 -8255 18173 -9423 -6290 11858 -9336 19480 2812 -11612 -3584 -12155 -11322 -1531 -5705 -257 -9768 2918 -15257 7819 444 -9214 -10040 13677 -15244 -11015 17661 -29467 -5032 -12028 3149 21612 -740 5891 -351 15846 13986 23487 