-2227 -139 1149 -1109 106 -280 214 -264 -3341 -1014 2115 -813 -24 -561 76 -218 -3441 -550 642 -107 -90 -454 120 -291 -2299 -1408 568 -570 644 -512 222 -200 -3001 -1304 -264 -109 376 -482 301 -342 -2712 -566 -507 623 579 -437 210 -396 -3368 -1490 -64 222 326 -136 41 -123 -3739 -460 -138 103 -87 266 -127 47 
-2063 -665 383 -360 75 -130 -8 121 -1880 -939 394 -229 140 -361 89 183 -1396 -848 100 70 106 -381 -281 174 -1509 -819 899 -872 -94 -608 -284 263 -2166 -1124 472 -599 -355 -387 -20 -19 -1585 -1944 -412 133 -30 -218 380 -205 -1642 -1346 184 112 58 -111 211 -57 -1132 -79 -361 143 420 210 -166 -340 
1599 -2456 311 -327 334 -661 446 61 1524 -2453 187 -323 486 -633 798 -294 367 -2303 386 -501 216 -604 721 -125 765 -968 539 -1005 426 -601 489 -27 1242 -1724 522 -733 354 -617 813 -21 1017 -2043 -181 355 260 -440 553 -187 -146 -1552 -113 -120 724 -278 78 -133 -333 -1679 317 -870 473 -334 -62 50 
908 -2273 685 -872 708 -219 -49 -316 444 -2634 685 -226 799 -43 290 -287 -88 -2540 960 -67 479 -170 183 -245 1164 -2285 883 -314 724 294 -70 -407 1018 -2013 531 12 256 -213 147 -88 1257 -1743 1076 -713 132 -686 -105 63 -257 -91 996 -998 476 -616 -283 -63 -846 -904 814 -462 57 -101 -219 -228 
-1665 724 742 -809 -166 -123 61 -208 -2779 -151 1708 -513 -296 -404 -77 -162 -2879 313 235 193 -362 -297 -33 -235 -1737 -545 161 -270 372 -355 69 -144 -2439 -441 -671 191 104 -325 148 -286 -2150 297 -914 923 307 -280 57 -340 -2806 -627 -471 522 54 21 -112 -67 -3177 403 -545 403 -359 423 -280 103 
-914 1264 -399 212 -221 64 -207 236 -731 990 -388 343 -156 -167 -110 298 -247 1081 -682 642 -190 -187 -480 289 -360 1110 117 -300 -390 -414 -483 378 -1017 805 -310 -27 -651 -193 -219 96 -436 -15 -1194 705 -326 -24 181 -90 -493 583 -598 684 -238 83 12 58 17 1850 -1143 715 124 404 -365 -225 
-845 215 -752 474 -204 -341 229 100 -920 218 -876 478 -52 -313 581 -255 -2077 368 -677 300 -322 -284 504 -86 -1679 1703 -524 -204 -112 -281 272 12 -1202 947 -541 68 -184 -297 596 18 -1427 628 -1244 1156 -278 -120 336 -148 -2590 1119 -1176 681 186 42 -139 -94 -2777 992 -746 -69 -65 -14 -279 89 
-111 -55 -105 -242 281 32 -203 -298 -575 -416 -105 404 372 208 136 -269 -1107 -322 170 563 52 81 29 -227 145 -67 93 316 297 545 -224 -389 -1 205 -259 642 -171 38 -7 -70 238 475 286 -83 -295 -435 -259 81 -1276 2127 206 -368 49 -365 -437 -45 -1865 1314 24 168 -370 150 -373 -210 
-2005 836 885 -812 -74 -61 46 -156 -3056 -171 1954 -541 -203 -403 39 -220 -3047 98 591 112 -168 -388 40 -179 -1817 -838 502 -453 730 -464 156 -205 -2473 -820 -298 68 377 -417 306 -425 -2152 -160 -456 754 563 -301 129 -419 -2808 -1084 -13 353 310 0 -40 -146 -3179 -54 -87 234 -103 402 -208 24 
-970 793 216 -25 43 -95 -29 210 -621 277 329 18 170 -256 67 137 18 87 177 324 152 -351 -275 164 209 -180 972 -714 0 -561 -211 275 -399 -609 701 -572 -192 -347 27 21 313 -1455 -134 188 -23 -247 420 -289 348 -1006 501 199 80 -154 148 5 858 261 -44 230 442 167 -229 -278 
-710 176 -518 414 -75 -302 235 145 -16 -30 -399 453 136 -483 676 -270 -578 -187 -39 70 50 -424 548 -165 373 1014 145 -577 251 -412 422 -3 1005 -23 270 -298 195 -503 774 39 1006 -655 -377 780 195 -341 496 -176 124 -80 -189 212 585 -116 -26 -20 -63 -207 241 -538 334 -172 -166 163 
-113 -512 353 -411 537 11 -131 -377 239 -1011 518 163 623 142 165 -167 199 -1114 955 180 426 -86 139 -164 1886 -1181 923 -135 563 326 -54 -428 2130 -1120 645 166 203 -118 262 -70 2634 -1017 1231 -661 187 -709 -157 64 1206 720 1229 -875 591 -593 -303 -45 663 -179 1079 -279 87 -61 -168 -288 
-2360 980 1014 -854 121 -148 177 -196 -3474 105 1980 -558 -9 -429 39 -150 -3574 569 507 148 -75 -322 83 -223 -2432 -289 433 -315 659 -380 185 -132 -3134 -185 -399 146 391 -350 264 -274 -2845 553 -642 878 594 -305 173 -328 -3501 -371 -199 477 341 -4 4 -55 -3872 659 -273 358 -72 398 -164 115 
-618 813 577 14 76 -79 2 148 -435 539 588 145 141 -310 99 210 49 630 294 444 107 -330 -271 201 -64 659 1093 -498 -93 -557 -274 290 -721 354 666 -225 -354 -336 -10 8 -140 -466 -218 507 -29 -167 390 -178 -197 132 378 486 59 -60 221 -30 313 1399 -167 517 421 261 -156 -313 
279 666 -258 477 116 -369 328 203 204 669 -382 481 268 -341 680 -152 -953 819 -183 303 -2 -312 603 17 -555 2154 -30 -201 208 -309 371 115 -78 1398 -47 71 136 -325 695 121 -303 1079 -750 1159 42 -148 435 -45 -1466 1570 -682 684 506 14 -40 9 -1653 1443 -252 -66 255 -42 -180 192 
-22 -40 424 -213 524 -53 -144 -254 -486 -401 424 433 615 123 195 -225 -1018 -307 699 592 295 -4 88 -183 234 -52 622 345 540 460 -165 -345 88 220 270 671 72 -47 52 -26 327 490 815 -54 -52 -520 -200 125 -1187 2142 735 -339 292 -450 -378 -1 -1776 1329 553 197 -127 65 -314 -166 