-34198 -7160 -11667 -2748 -6222 -424 -4752 -2236 -3935 -1940 -2618 -2406 -2626 -1549 -2364 -2341 -34304 -7806 -13186 -4275 -7073 -135 -4337 -2232 -3761 -1890 -2695 -2909 -2573 -2230 -2255 -2594 -36302 -6879 -12156 -3718 -7472 -1584 -4766 -1901 -3832 -1890 -2926 -2882 -2545 -2033 -2478 -2606 -34452 -5086 -13218 -2920 -7077 -2411 -4892 -2686 -3637 -1612 -2695 -2656 -2795 -1771 -2334 -2423 
-34763 -6422 -12248 -3102 -7751 -3049 -5509 -2359 -3673 -2025 -3080 -2993 -2403 -2019 -2671 -2547 -35447 -6536 -11325 -2468 -8601 -2094 -6422 -1346 -3073 -1568 -3003 -2266 -2226 -1913 -2350 -2433 -36384 -5483 -12686 -3602 -8959 -2065 -5771 -2519 -3497 -2042 -3311 -1919 -3046 -2089 -2467 -2399 -37554 -6174 -12339 -3160 -7971 -2546 -4769 -2511 -4104 -2270 -3157 -1619 -3171 -1995 -2610 -2093 
-38048 -6474 -12351 -3195 -7483 -2085 -4897 -2591 -3858 -2077 -3465 -1713 -3345 -2318 -2215 -2218 -38222 -5970 -11924 -3887 -7765 -1492 -5495 -2413 -3574 -1813 -3696 -2097 -3082 -2436 -2275 -2063 -38642 -5037 -11396 -3854 -7626 -1732 -5612 -1754 -3619 -1638 -3311 -1886 -3268 -2581 -2455 -2086 -37112 -6127 -12396 -3411 -6776 -1021 -5073 -2320 -3759 -1627 -4004 -1668 -3682 -2926 -2400 -2166 
-37659 -6258 -12836 -3346 -7764 -1384 -5671 -1785 -4394 -2331 -3850 -2205 -3398 -2486 -2831 -2416 -36787 -5312 -12415 -3463 -8162 -3611 -5660 -1684 -4221 -2688 -3542 -2176 -3374 -1712 -2649 -2536 -38659 -3596 -14279 -2669 -7685 -3251 -4953 -1875 -3793 -2506 -3311 -1652 -3402 -1796 -2381 -2281 -39855 -3654 -12397 -1979 -7308 -2529 -5605 -1592 -4073 -1428 -3080 -885 -2855 -1890 -2310 -2436 
-41033 -4404 -12058 -2869 -6715 -2113 -4424 -1095 -3270 -2528 -2464 -1384 -2949 -2128 -2295 -2261 -39764 -4324 -12125 -1655 -7976 -1592 -3156 -1235 -4021 -2953 -2464 -1014 -3080 -2122 -2072 -1987 -40772 -4857 -12731 -1698 -8213 -424 -3380 -1611 -5030 -1598 -3850 -1546 -3017 -2117 -2009 -1995 -39375 -5013 -12945 -3128 -8130 -1335 -4369 -1788 -4374 -1682 -3542 -1844 -2373 -2391 -2430 -2139 
-39365 -5502 -11910 -2534 -8708 -1971 -5398 -2506 -4073 -1590 -3003 -2243 -2597 -1879 -2493 -2195 -40024 -5717 -11236 -3802 -7086 -1575 -5801 -1348 -3631 -1185 -3696 -2536 -2856 -1400 -2226 -2133 -40743 -4012 -11571 -3209 -7437 -1288 -4243 -1690 -3934 -1577 -3311 -2012 -2855 -1690 -2535 -2170 -41421 -3884 -12639 -3101 -7698 -1554 -4725 -1851 -3106 -1742 -3234 -2066 -3156 -2217 -2675 -2253 
-43071 -2214 -14821 -3365 -7026 -1764 -5921 -1423 -3947 -1505 -4235 -1259 -2927 -2267 -2779 -2427 -41151 -2251 -13837 -1717 -6721 -2138 -4917 -1951 -4109 -1320 -3850 -897 -2841 -1853 -2569 -2106 -42269 -4680 -13450 -1778 -6888 -2780 -4836 -2613 -4221 -2058 -3696 -1307 -3222 -1858 -2612 -2414 -44258 -4021 -14052 -3208 -7502 -2227 -5422 -2456 -4645 -2060 -4081 -1579 -3167 -1718 -2411 -2382 
-44581 -1884 -13493 -3110 -7196 -1112 -5606 -1687 -4727 -1814 -3773 -1935 -3515 -1899 -2287 -2332 -43797 -3164 -13108 -2619 -7544 -1036 -5078 -2516 -4952 -1876 -3619 -1567 -2881 -1467 -1859 -2304 -43469 -3070 -12945 -1092 -7529 -2733 -4922 -1753 -4816 -1426 -4081 -1512 -2789 -1342 -1886 -2258 -43236 -975 -13029 -1658 -7583 -2135 -4729 -1717 -4762 -430 -4158 -1342 -3247 -1471 -2136 -2284 
-17647 -441 -6623 -1823 -3703 -557 -2767 -1369 -2134 -644 -2310 -687 -1759 -624 -993 -1587 -17234 -1436 -6897 -1289 -2243 -1238 -2571 -1403 -1936 -1515 -1771 -980 -1824 -569 -677 -1150 -20650 -2960 -6621 -1106 -4065 -727 -2207 -520 -1949 -675 -1617 -1090 -1513 -535 -673 -1309 -20394 -1997 -6159 -875 -3158 -494 -3756 -796 -2343 -278 -1463 -395 -1796 -943 -1019 -901 
-18959 -848 -6563 -2220 -4077 -715 -4188 -1199 -2641 -604 -1771 -432 -2529 -1204 -1761 -1486 -18719 -2180 -7261 -2191 -4333 43 -3325 -1393 -2502 -859 -1386 -261 -2015 -1634 -1493 -1743 -18574 -2593 -7006 -1609 -3906 -1006 -3700 -959 -2474 -1016 -1232 -132 -1803 -1620 -1634 -1888 -17791 -1302 -7460 -2103 -4080 -1231 -3798 -2072 -1522 -558 -693 -445 -1432 -1348 -1332 -1582 
-20901 -546 -6573 -620 -3586 -1083 -3323 -1007 -1646 -983 -770 -92 -1022 -1352 -1150 -1762 -19652 -1580 -6624 -2017 -3390 -1246 -2828 -682 -1958 -1539 -1771 -935 -1969 -1393 -1023 -1468 -20136 -1729 -7092 -1900 -3914 -1743 -2662 -2083 -2372 -723 -2310 -1590 -1920 -1336 -1187 -1379 -19498 -1871 -6496 -690 -5090 -926 -3198 -1565 -2858 -147 -2387 -1204 -1519 -972 -1284 -1516 
-20919 -3221 -5748 -868 -5089 -1204 -3609 -1615 -3210 -795 -2002 -984 -1886 -880 -1774 -2048 -18806 -2183 -6389 -1500 -4302 55 -1827 -1400 -2375 -804 -2002 -818 -1600 -1303 -1581 -1433 -19737 -4230 -8513 -1781 -5306 -476 -2225 -962 -2371 -966 -2464 -1071 -1504 -1426 -1699 -1621 -20537 -3866 -7075 -1208 -3860 -1898 -3104 -2012 -2120 -995 -2618 -922 -1759 -2097 -1669 -1642 
-22288 -4474 -7733 -2093 -5229 -2748 -3739 -1467 -2575 -734 -1925 -708 -2036 -1322 -1860 -1470 -21161 -5213 -8462 -2036 -4738 -2606 -4341 -1477 -2436 -938 -1617 -904 -1907 -1641 -1904 -1698 -21538 -3146 -9786 -1837 -4751 -1543 -3910 -1227 -1949 -309 -1925 -1135 -2236 -1473 -1769 -1683 -21938 -2300 -8703 -755 -4668 -1102 -3798 -900 -2699 249 -2156 -1643 -1990 -1236 -2015 -1798 
-21892 -3072 -9090 -1787 -3313 -2942 -4010 -462 -2314 -896 -2156 -1668 -2239 -1305 -1678 -1794 -22601 -3803 -9401 -1089 -3591 -1467 -4227 51 -2174 -1767 -2541 -767 -2404 -1217 -1341 -1314 -24079 -2843 -8463 -1529 -4353 -380 -4074 -597 -2235 -1529 -2618 -909 -1817 -912 -1523 -1241 -23338 -1818 -8241 -3314 -6159 -1485 -2906 -1246 -2833 -1587 -2002 -1243 -1795 -1540 -1708 -1653 
-25073 -1788 -9165 -2620 -7027 -1263 -3979 -972 -3270 -2079 -2464 -2078 -2469 -1503 -1700 -1948 -24811 -1202 -8787 -1997 -5027 9 -4469 -846 -1820 -1839 -2002 -1762 -2392 -1143 -1672 -1820 -24353 -2223 -8298 -1481 -5483 -929 -3322 -1057 -1999 -1943 -1848 -1492 -2128 -1258 -1662 -1414 -24162 -2266 -7603 -1799 -6510 -1736 -4040 -1492 -2061 -1705 -2233 -2104 -1381 -1703 -1804 -1460 
-26679 -553 -8624 -2615 -6149 -1304 -4522 -2314 -2033 -1082 -2002 -1478 -2004 -1509 -2097 -1855 -25835 -3166 -9507 -2111 -6092 -1410 -4335 -1600 -2429 -978 -1925 -1340 -2040 -1051 -1610 -1346 -27220 -3756 -8976 -1844 -6617 -1948 -4088 -1124 -2414 -834 -2387 -1321 -2051 -872 -1747 -1836 -27303 -2694 -9451 -2215 -6642 -1294 -3749 -1590 -2433 -1057 -2464 -1267 -2265 -1600 -2001 -2077 