-1906 -1348 910 -912 -223 -579 -71 -481 -2546 -2938 957 -692 -189 -783 -378 -627 -2741 -1912 -370 -506 -345 -790 -326 -687 -1324 -2092 -282 -1242 92 -778 -232 -517 -1906 -1845 -1220 -1106 -255 -974 -256 -743 -2046 -1186 -1557 -571 185 -589 -22 -572 -2169 -2269 -1410 -940 -426 -594 -450 -560 -2971 -1559 -1118 -721 -869 -286 -552 -405 
-1465 -1360 -182 -681 -334 -429 -425 -217 -1183 -1525 -291 -618 -153 -624 -435 -160 -796 -1159 -519 -336 2 -358 -640 -232 -933 -1464 616 -642 -114 -647 -847 -303 -1307 -1712 -59 -645 -613 -816 -632 -566 -359 -1768 -1298 -674 -553 -852 -176 -519 -771 -1681 -711 -472 -338 -506 -170 -278 -914 -294 -686 -472 -9 217 29 -376 
2565 -1402 -9 -478 379 -791 4 -11 2508 -1376 -151 -626 403 -915 455 -184 1437 -1729 -74 -724 31 -1066 153 -215 1123 -627 787 -796 383 -729 148 -37 1895 -1055 499 -658 315 -938 356 66 1877 -1127 -756 -148 253 -647 289 -117 641 -1154 -614 -832 336 -299 -76 -246 548 -1420 88 -1143 42 -467 -439 -295 
1862 -1655 399 -1084 334 -161 -53 -432 1601 -2196 -217 -893 280 -183 254 -224 1069 -2459 -140 -573 167 -282 64 -296 2033 -1784 240 -682 282 399 279 -264 1806 -1447 -47 -196 230 -219 55 -86 1865 -1335 944 -296 443 -452 -351 -161 -239 -569 1162 -642 612 -218 -331 -275 -340 -1337 385 -433 -98 -94 -252 -450 
-1816 -319 873 -396 -257 -284 -44 -343 -2456 -1909 920 -176 -223 -488 -351 -489 -2651 -883 -407 10 -379 -495 -299 -549 -1234 -1063 -319 -726 58 -483 -205 -379 -1816 -816 -1257 -590 -289 -679 -229 -605 -1956 -157 -1594 -55 151 -294 5 -434 -2079 -1240 -1447 -424 -460 -299 -423 -422 -2881 -530 -1155 -205 -903 9 -525 -267 
-1374 827 -186 257 -140 115 -248 142 -1092 662 -295 320 41 -80 -258 199 -705 1028 -523 602 196 186 -463 127 -842 723 612 296 80 -103 -670 56 -1216 475 -63 293 -419 -272 -455 -207 -268 419 -1302 264 -359 -308 1 -160 -680 506 -715 466 -144 38 7 81 -823 1893 -690 466 185 761 206 -17 
-772 235 -879 170 -112 -538 -121 -27 -829 261 -1021 22 -88 -662 330 -200 -1900 -92 -944 -76 -460 -813 28 -231 -2214 1010 -83 -148 -108 -476 23 -53 -1442 582 -371 -10 -176 -685 231 50 -1460 510 -1626 500 -238 -394 164 -133 -2696 483 -1484 -184 -155 -46 -201 -262 -2789 217 -782 -495 -449 -214 -564 -311 
-50 3 -18 -373 116 161 -7 -337 -311 -538 -634 -182 62 139 300 -129 -843 -801 -557 138 -51 40 110 -201 121 -126 -177 29 64 721 325 -169 -106 211 -464 515 12 103 101 9 -47 323 527 415 225 -130 -305 -66 -2151 1089 745 69 394 104 -285 -180 -2252 321 -32 278 -316 228 -206 -355 
-2182 -440 917 -460 -238 -215 -48 -279 -2712 -2161 1025 -241 -179 -522 -223 -488 -2729 -1298 -238 -126 -218 -561 -274 -473 -1195 -1492 -132 -1026 321 -534 -102 -391 -1699 -1316 -1087 -805 -86 -762 -40 -663 -1779 -743 -1353 -287 308 -292 116 -460 -1902 -1826 -1206 -656 -303 -297 -312 -448 -2704 -1116 -914 -437 -746 11 -414 -293 
-1250 135 193 17 85 -40 -123 170 -713 -201 156 -16 262 -167 -47 125 -70 -69 -25 280 474 35 -269 82 205 -477 1129 -136 346 -292 -444 47 -77 -871 603 -242 -114 -447 -261 -201 995 -920 -567 -115 -82 -532 221 -285 729 -936 6 102 165 -147 78 48 586 451 31 102 494 576 277 -50 
-663 121 -684 127 -2 -446 -68 74 14 116 -567 162 319 -635 526 -64 -405 -330 -250 -96 94 -663 281 -114 -173 864 794 -193 451 -363 350 179 855 202 553 -41 440 -636 541 311 1178 -58 -715 405 452 -323 489 86 136 24 -338 -211 506 111 88 68 43 -242 364 -522 212 -57 -275 19 
127 -583 223 -605 273 163 104 -363 621 -1025 -92 -293 359 204 361 53 596 -1341 214 -38 422 57 274 1 2096 -762 682 -101 497 651 547 -62 2298 -496 460 335 504 73 440 238 2666 -423 1541 157 883 -123 -97 82 579 375 1805 -129 1123 189 8 54 556 -464 1011 165 353 281 173 -167 
-2576 -535 968 -593 -88 -302 72 -264 -3216 -2125 1015 -373 -54 -506 -235 -410 -3411 -1099 -312 -187 -210 -513 -183 -470 -1994 -1279 -224 -923 227 -501 -89 -300 -2576 -1032 -1162 -787 -120 -697 -113 -526 -2716 -373 -1499 -252 320 -312 121 -355 -2839 -1456 -1352 -621 -291 -317 -307 -343 -3641 -746 -1060 -402 -734 -9 -409 -188 
-1000 60 503 190 238 81 41 226 -718 -105 394 253 419 -114 31 283 -331 261 166 535 574 152 -174 211 -468 -44 1301 229 458 -137 -381 140 -842 -292 626 226 -41 -306 -166 -123 106 -348 -613 197 19 -342 290 -76 -306 -261 -26 399 234 4 296 165 -449 1126 -1 399 563 727 495 67 
-95 654 -199 416 457 -258 218 377 -152 680 -341 268 481 -382 669 204 -1223 327 -264 170 109 -533 367 173 -1537 1429 597 98 461 -196 362 351 -765 1001 309 236 393 -405 570 454 -783 929 -946 746 331 -114 503 271 -2019 902 -804 62 414 234 138 142 -2112 636 -102 -249 120 66 -225 93 
-48 -270 329 -318 451 234 128 -174 -309 -811 -287 -127 397 212 435 34 -841 -1074 -210 193 284 113 245 -38 123 -399 170 84 399 794 460 -6 -104 -62 -117 570 347 176 236 172 -45 50 874 470 560 -57 -170 97 -2149 816 1092 124 729 177 -150 -17 -2250 48 315 333 19 301 -71 -192 